(Example Experiment:)
Testing: Depth=5, Width=128, Params=50560
Architecture: 10 → 128 → 128 → 128 → 128 → 1

================================================================================
EXPERIMENT SUMMARY
================================================================================
Depth    Width    Params     BP Conv    DANP Conv    Ratio   
--------------------------------------------------------------------------------
2        16       176        50         34           0.68    x
2        32       352        20         6            0.30    x
2        64       704        17         2            0.12    x
2        128      1408       10         2            0.20    x
3        16       432        50         50           1.00    x
3        32       1376       27         35           1.30    x
3        64       4800       18         8            0.44    x
3        128      17792      7          9            1.29    x
4        16       688        45         50           1.11    x
4        32       2400       26         50           1.92    x
4        64       8896       17         36           2.12    x
4        128      34176      8          50           6.25    x
5        16       944        50         50           1.00    x
5        32       3424       24         50           2.08    x
5        64       12992      19         50           2.63    x
5        128      50560      8          50           6.25    x
================================================================================